# 关节序列示例：每行 20 或 21 个角度（弧度），顺序 thumb(4) index(4) middle(4) ring(4) pinky(4)
# 握拳
0.2 1.2 1.0 0.8  0.1 1.5 1.2 1.0  0.0 1.5 1.2 1.0  -0.1 1.5 1.2 1.0  -0.2 1.4 1.1 0.9
# 半握
0.2 1.0 0.8 0.6  0.1 1.2 1.0 0.8  0.0 1.2 1.0 0.8  -0.1 1.2 1.0 0.8  -0.2 1.0 0.9 0.7
# 伸展
0.1 0.2 0.1 0.0  0.0 0.2 0.1 0.0  0.0 0.1 0.1 0.0  0.0 0.1 0.1 0.0  -0.1 0.1 0.1 0.0
# 捏取
0.3 0.4 0.3 0.2  0.2 1.2 0.8 0.5  0.0 0.2 0.1 0.0  0.0 0.1 0.1 0.0  -0.1 0.1 0.1 0.0
# 握拳
0.2 1.2 1.0 0.8  0.1 1.5 1.2 1.0  0.0 1.5 1.2 1.0  -0.1 1.5 1.2 1.0  -0.2 1.4 1.1 0.9
